3219 5272 0
521 209 17
4170 3485 2
3335 3857 3
2647 1706 8
5320 5322 2
2270 951 5
1543 194 3
844 360 6
1207 687 0
5667 5657 17
3589 5167 8
4952 2797 0
514 650 2
3426 3467 6
997 2661 6
5367 5369 0
225 514 0
2219 4065 2
3271 1772 0
847 188 0
1279 5098 0
683 4321 8
499 1573 0
347 5090 0
4649 4354 2
4156 4027 0
5257 3590 5
4488 3623 3
5404 5406 2
3606 4968 13
2580 2174 2
3348 2962 0
1323 5281 2
5588 5590 8
4093 5074 0
5507 5503 2
3611 3610 15
5325 5324 0
3183 3599 15
2541 4592 2
3768 299 0
1614 731 5
1098 4799 2
1607 1178 6
3673 3327 5
349 4994 2
3999 1922 3
4096 4850 0
3429 3846 6
2996 2476 6
2514 3286 3
819 1573 0
5666 5656 17
5171 3089 17
976 1032 15
1514 1862 8
4948 5209 15
935 3708 8
2103 1435 2
46 4261 5
2350 4908 0
3221 1287 0
3481 623 17
1367 5007 2
1815 4324 8
3258 2896 0
5026 5416 5
519 190 19
2220 2197 5
3645 2413 0
4667 3116 5
3134 4955 2
1294 349 0
3610 3603 17
2392 5123 5
1462 2037 15
666 4408 5
1294 346 0
3162 5029 2
5589 5591 8
578 2524 0
1856 4781 8
3034 5167 8
1316 2031 2
3610 3611 17
689 2977 0
5140 2968 17
1489 415 2
1238 4006 2
4006 1489 0
1491 3332 0
1333 4027 8
5324 5449 2
2910 986 3
3707 1172 0
2240 2844 2
1028 3657 0
5196 2406 8
1374 1544 8
2421 3288 8
5090 3229 19
1728 3654 15
5404 3321 2
3567 286 6
15 5197 5
5586 5582 6
5190 1808 2
4137 4079 13
3425 4215 8
4122 3067 8
725 489 0
4555 1054 15
5616 1577 13
2428 2424 2
3202 1490 15
5696 5691 6
4198 844 8
5696 5695 0
4125 4821 15
3284 1356 5
4642 4630 3
4444 5016 17
567 3173 17
5323 5322 17
1614 850 5
3708 3200 6
1030 3603 17
2661 997 8
3327 3673 3
490 1857 3
3067 4122 6
2133 4829 6
1439 587 8
190 910 13
5370 5368 0
3114 41 5
1110 4167 13
1231 1227 15
565 3248 3
2219 3367 17
2746 5658 2
4186 4766 5
3654 1728 17
5587 5583 6
519 5168 19
1410 5480 5
42 3367 3
2446 1210 3
712 2562 2
5152 5154 5
2425 2679 17
4903 1545 3
2241 1912 15
5695 5696 2
3148 4018 17
5510 5504 2
4261 46 3
955 2276 0
5586 5427 15
5324 5325 2
4944 4075 17
4042 821 2
636 257 8
3928 5212 8
4509 2001 8
877 4100 3
1957 1626 17
4909 3122 0
1005 1948 17
2032 2828 8
3006 2691 2
2968 5140 15
5022 1081 6
3150 4944 15
4102 4144 3
4668 2899 3
433 5419 6
1905 4965 8
214 1265 2
1673 292 0
4956 258 13
4167 2952 2
2090 2065 3
5002 329 8
2338 4979 3
4980 3848 19
2684 650 2
5694 5693 8
4874 3304 20
5694 5692 3
2347 1318 19
2990 2640 8
329 5002 6
1219 394 6
309 395 8
5444 2094 0
5503 5507 0
2221 2460 0
4249 700 3
692 2849 2
3989 2414 5
583 3758 3
5649 1484 6
1395 3417 17
3637 2749 6
138 249 2
1496 2967 8
217 466 2
2768 305 5
1772 3918 2
5281 1323 0
1488 415 2
3828 2555 15
537 4980 0
351 3586 6
2899 3423 5
5472 5474 5
4931 4748 5
1346 435 3
1329 1542 8
923 1195 2
362 3906 8
4149 3173 2
2715 3817 2
4280 3110 2
89 3518 8
4964 4930 3
3553 1928 3
4971 2479 6
8 1244 17
4261 4283 3
5693 5694 6
1431 739 2
5240 3955 17
5673 4970 17
2195 1066 5
3555 1851 8
5504 5510 0
2090 5102 3
5097 1399 3
2781 4753 15
3372 24 2
4006 1238 0
547 3258 19
2238 2208 3
1763 1714 3
230 343 2
4765 1302 3
5473 5475 5
4649 5012 2
5691 3755 13
4665 2957 3
4005 4025 19
4964 2915 3
3672 3687 6
357 3324 17
3856 1182 0
5661 5658 17
5474 5472 3
5361 5365 8
5099 3371 2
3972 3032 3
5073 5067 2
2743 2173 8
4321 683 6
2276 2774 17
1991 2236 0
3654 516 17
5582 5586 8
1197 3658 13
5692 5694 5
2627 1829 0
5620 1065 13
3080 2981 2
3372 976 17
1490 3202 17
3304 5418 6
4460 4690 2
2246 997 8
2206 4266 2
1529 3771 2
4830 935 6
2511 3068 5
3546 2242 2
1280 4635 8
5505 5511 0
514 225 2
1897 5061 0
3337 3279 5
1862 1514 6
739 2316 5
1291 3808 15
349 1294 2
2679 176 6
2060 728 15
1722 4248 0
3955 5240 15
4021 939 6
1321 5001 5
479 4324 0
4292 2456 5
5583 5587 8
48 4778 6
2471 2457 2
385 5130 6
5691 5696 8
4018 3148 15
1654 1614 3
2797 3560 2
412 3478 13
2183 4921 3
3984 225 2
1098 1135 2
3171 3830 0
1977 3131 2
4446 4651 3
5219 273 5
3270 1475 2
1993 1937 8
954 4124 2
4955 3134 0
2001 4509 6
2926 1386 5
2657 1584 5
4870 3827 3
937 2140 6
5098 1279 2
4854 4836 0
5506 5502 2
2978 3186 5
1848 5409 13
3163 3301 6
4543 1622 2
5257 2910 5
5176 1324 5
1655 1636 2
58 5101 8
4652 1621 17
268 261 5
5475 5473 3
665 2836 2
955 954 0
2424 2428 0
3065 4941 17
4272 3928 6
5468 5470 3
4188 814 15
1787 3125 6
1573 819 2
2810 3054 2
956 3977 8
198 3808 6
1705 1547 17
1705 1548 17
2928 1244 3
4283 4261 5
853 1354 0
8 2197 2
1804 2129 13
4874 3560 8
3603 3610 15
4467 3349 17
3350 1283 8
1081 5022 8
5553 2094 0
1313 2367 0
3993 2928 5
3206 1609 2
3729 2327 0
2389 4768 3
2512 2893 3
4920 2664 2
5168 1788 13
5209 967 17
4665 751 3
2893 2512 5
2898 2188 0
5136 3803 0
5658 5661 15
1783 390 0
287 4097 5
4022 3038 17
954 955 2
3186 2978 3
585 4931 3
5167 1815 6
387 4119 17
5469 5471 3
4740 4148 5
5364 5366 6
5547 5549 0
5614 1431 13
1062 3148 0
4252 5106 3
2197 2220 3
4898 3989 3
3333 2745 2
988 1795 5
4889 4614 2
5091 1549 0
2897 3321 2
2957 4665 5
4467 4442 17
3759 316 6
4324 479 2
4765 2559 3
5657 5667 15
1667 1006 5
585 4970 3
3750 1961 2
2094 5553 2
4823 1622 2
355 1096 0
5414 4226 3
3817 3578 13
4331 1013 6
5136 3750 0
689 1415 20
1356 5269 3
491 4554 15
1520 1030 6
2206 1574 17
4768 2389 5
728 3257 8
3386 367 5
5470 5468 5
2413 3291 2
5365 5361 6
5550 5548 0
3677 3680 8
2511 1765 5
4869 3848 19
4934 1642 5
223 212 2
5092 1549 0
2981 3080 0
3032 767 5
4930 4964 5
489 4648 2
13 619 15
3951 4115 17
2255 1307 2
5688 5687 0
4115 3951 15
3080 3786 2
1801 5693 13
3758 583 5
756 1462 17
537 429 15
2188 2898 2
2103 4910 19
3093 1936 15
4979 2338 5
1244 2928 5
5690 5541 6
5656 5666 15
5471 5469 5
3276 1129 0
16 1467 8
3955 1912 15
3955 3951 15
3478 412 19
2716 1063 0
2705 2775 3
2350 2725 5
11 1690 0
4400 1029 17
5549 5547 2
3627 1909 5
3755 1765 5
1066 2707 3
1328 677 6
5548 5550 2
4144 4102 5
4695 4083 3
1812 1817 19
11 1707 0
2992 26 6
5269 1356 5
2996 782 6
2426 1053 5
205 3594 2
5502 5506 0
219 2718 2
653 803 8
2968 1527 0
346 1294 2
3423 2899 3
3755 5691 19
3518 3905 6
2094 5444 2
1579 3227 2
751 4665 5
714 26 6
4585 3562 8
4766 3542 3
1170 3007 17
1076 2030 5
2872 2489 8
1569 3904 2
299 4631 2
5098 5091 2
1808 5190 0
5541 5690 8
4011 437 2
3812 4082 5
2828 5314 6
5544 5546 6
12 1565 17
4756 3190 3
4186 4293 5
648 1033 6
273 5219 3
2052 5102 3
1549 5092 2
296 3765 2
1549 5091 2
1920 1444 2
327 1554 6
2745 3333 0
3530 1837 3
4143 2044 2
876 2729 8
622 2756 5
4690 4460 0
2910 5257 3
4554 491 17
3583 3582 15
2752 3873 6
2774 1560 15
26 714 8
5168 519 13
2242 3546 0
3808 1291 17
1282 891 0
2846 4063 0
3031 4809 3
3989 4898 5
3374 4546 0
2325 4218 17
3984 3156 2
3657 1028 2
1433 3147 0
1573 499 2
660 445 3
2896 27 2
926 2539 0
5090 347 2
4972 2940 13
4965 1299 15
2458 2210 6
4097 5026 3
1566 866 0
2915 4964 5
5124 3232 8
209 521 15
3797 2044 5
4516 4748 5
2414 5041 3
4185 3396 2
2674 3924 5
1936 3093 17
3761 1459 3
2720 4894 5
4218 4364 15
5576 5426 15
5624 5456 8
2559 4765 5
1425 3686 6
435 1806 5
3782 4090 5
4941 4946 15
5235 3709 3
4540 1166 2
5353 5354 5
3799 2952 2
3750 5136 2
3122 4909 2
1178 1607 8
1284 818 15
4823 2890 2
1412 1443 19
1868 4365 6
4236 243 8
4027 4156 2
5546 5544 8
2221 4783 0
2863 2900 0
2166 4437 17
212 138 0
620 3060 0
4353 3252 8
260 262 3
1922 3999 5
619 13 17
482 4873 13
1866 1440 6
1817 1812 13
1928 3553 5
5350 5346 3
2416 1389 15
5427 5586 17
5116 5680 0
3853 2954 17
4944 2744 3
2520 4042 0
4119 387 15
209 3555 15
1015 3780 0
2489 2872 6
3038 4022 15
5138 4359 5
5453 4308 3
4748 4931 3
2562 1415 20
261 268 3
1614 1654 5
4912 4800 15
4278 717 6
261 262 3
4752 716 0
2856 3305 6
1010 1012 15
782 2996 8
212 223 0
4970 585 5
3833 3190 3
1312 1898 3
3582 3583 17
1356 5112 3
5250 2900 0
3289 3655 0
2977 689 2
3143 4100 14
1364 1544 0
3803 5136 2
1107 3152 5
4668 5225 3
2482 3269 2
5351 5354 5
1232 4028 2
889 5644 0
2238 3853 0
4586 3246 6
4843 4023 2
207 2714 8
4023 1488 0
4781 1876 6
343 230 0
3555 209 17
5622 5454 8
5436 5441 8
1316 4690 2
1584 2657 3
1307 2255 0
4689 2707 3
3578 3817 19
1944 5692 19
3904 1569 0
4967 2889 13
2476 803 17
1806 2405 3
2406 5196 6
3830 3171 2
2691 3006 0
4522 4439 5
5061 1897 2
1284 12 15
3291 3617 3
1454 4910 5
1837 3530 5
2766 3363 5
3658 1197 19
4390 1857 2
1925 3908 6
4907 5035 2
5091 5098 0
780 3082 2
4579 1707 0
4781 1856 6
5411 1926 5
2782 2366 2
4408 666 3
1523 435 3
2524 578 2
5467 2981 2
1862 1876 6
5240 1534 8
176 2679 8
850 1614 3
437 428 0
2588 2578 6
3285 4288 0
194 1543 5
666 3400 5
2729 4583 6
1923 1581 5
377 5267 2
124 981 5
5017 4972 19
1841 3695 2
1560 4075 17
547 5522 2
4383 4292 16
4248 1722 2
4631 299 0
286 3567 8
3560 4874 6
3052 3034 6
5028 2214 6
1475 3270 0
5273 1468 3
299 3768 2
5225 4668 5
4829 4830 8
2188 2187 14
5314 2828 8
4025 988 13
2148 1746 2
5106 4252 5
2442 2907 13
1419 636 6
2512 4516 3
12 1284 17
2760 3572 15
2714 2749 6
1912 2241 17
2424 4091 0
913 731 5
240 431 0
4009 4018 17
138 212 2
2664 4920 0
3348 217 0
4717 3103 0
97 1777 6
4330 3986 6
5644 889 2
3709 5235 5
853 4534 0
2967 1496 6
435 1523 5
2052 2679 17
1399 5097 5
3502 3477 2
1149 587 8
1548 1705 15
1993 329 8
3173 2357 0
1690 11 2
2405 1806 5
415 1488 0
5678 1770 19
1332 3039 8
4830 4829 6
4025 4005 13
4946 4941 17
3367 42 5
656 923 15
248 249 2
2372 3883 17
5354 5353 3
3321 2897 0
5354 5351 3
305 2768 3
1386 2926 3
3606 1810 3
878 2961 2
3827 4870 5
2327 3729 2
3816 2495 2
1787 1013 6
300 3116 5
455 13 8
4916 4811 15
2928 3993 3
4293 4186 3
717 4278 8
1527 2968 2
4853 3673 3
4695 4557 3
415 1489 0
4308 5453 5
23 2475 5
2788 1872 6
1933 4177 15
2843 3379 15
3599 3183 17
1547 1705 15
5433 5424 15
2137 5651 8
1545 4903 5
3301 3163 8
3380 4266 5
1040 4948 3
4553 5111 15
3305 2856 8
5405 2077 19
429 537 17
2775 2705 5
217 3348 2
1714 1763 5
1364 1299 15
781 3328 5
249 248 0
2144 2135 5
4755 4756 5
526 1563 17
267 5176 3
5418 3304 8
3562 4585 6
1887 952 8
1272 3782 17
2744 4944 5
1658 5250 5
1195 923 0
1129 2031 2
323 1554 6
449 5386 8
1622 4543 0
5409 1848 19
5424 5433 17
4800 4912 17
2127 176 6
5567 5565 3
3396 4185 0
1556 4121 8
4557 2850 5
1815 5167 8
262 261 5
262 260 5
968 3304 0
455 97 8
4968 3606 19
24 3372 0
5536 5532 0
3485 4170 0
571 4828 8
4359 5138 3
1933 4130 0
563 4303 5
1876 4781 8
3827 4642 5
5454 5622 6
2476 495 17
506 1746 2
2493 2503 13
814 4188 17
3846 3429 8
5345 5341 5
2325 623 17
814 1122 17
2460 1578 2
5457 5455 8
5574 5074 15
4944 3150 17
1621 4652 15
2850 3283 3
5413 2988 19
1444 1920 0
712 739 2
3054 2810 0
3328 781 3
2729 876 6
5566 5564 3
4292 4383 12
989 5089 3
1354 4579 2
5205 5131 3
329 1993 6
2940 4972 19
1731 792 0
2794 808 0
435 1346 5
1287 3219 2
1462 756 15
249 138 0
1866 1879 6
4876 42 2
1287 3221 2
1302 5323 5
257 636 6
4516 2512 5
911 5699 6
5169 879 0
3282 3747 3
694 4038 8
263 193 8
1423 3305 6
1374 287 3
619 476 3
4514 2309 17
5167 3034 6
3758 2183 5
4755 4008 5
1915 1787 8
3400 2453 3
5334 968 3
3438 50 5
445 660 5
1674 1375 0
2725 2350 3
1389 2416 17
4844 2032 6
4766 4186 3
4738 2030 5
4783 2125 2
5089 989 5
5209 4948 17
5679 1430 2
2608 1036 0
3417 1395 15
495 2476 15
5613 5609 6
314 4540 0
4756 4755 3
2474 290 6
4799 1098 0
1472 72 0
2776 2821 15
3231 2908 0
2952 4167 0
1225 1226 17
42 2103 13
3173 567 15
255 3143 8
5142 4589 0
4965 1905 6
1415 689 14
1563 526 15
516 2139 15
937 935 6
5456 5624 6
3908 1925 8
1484 5649 8
1244 8 15
3771 1529 0
692 4308 8
3828 1904 15
693 1856 15
4850 4096 2
4592 2541 0
1182 3856 2
585 3797 3
1029 4400 15
5419 433 8
4579 1354 0
4023 4843 0
5270 1013 6
3317 1322 15
4500 3183 17
4097 2187 3
5658 2746 0
3371 5099 0
4097 287 3
5286 3971 3
5421 5451 8
1226 1225 15
132 1969 5
1283 3350 6
725 5073 0
3817 2715 0
2323 1053 5
1177 1135 2
2932 4091 0
5173 2559 3
5344 5342 5
2749 3637 8
731 1614 3
2009 1973 6
3332 1491 2
3227 3281 3
2367 1313 2
5452 5453 8
5125 3643 3
5111 4553 17
2475 3210 0
3030 4065 5
3971 5286 5
489 725 2
3082 780 0
1013 5270 8
939 4021 8
4075 1560 15
2774 2276 15
4839 4867 13
3116 4667 3
1521 63 6
5563 5565 3
1765 2511 3
650 2684 0
5176 267 5
1579 2421 3
4501 3289 2
2562 712 0
1577 5616 19
5426 5576 17
260 1664 3
5101 58 6
26 2992 8
4980 537 2
3714 5262 0
4783 2221 2
4677 4068 0
5348 5347 5
5532 5536 2
4748 4516 3
4941 3065 15
23 3162 0
1622 4823 0
2952 3799 0
2193 400 15
4065 2219 0
5453 5452 6
2161 2425 15
1578 2460 0
2940 4630 2
3032 3972 5
4370 1495 0
164 888 5
3257 1550 19
1973 2009 8
808 2794 2
3068 2511 3
5562 5564 3
4957 4110 13
4557 4695 5
5212 4950 6
1096 355 2
5131 5205 5
4836 4854 2
876 5019 8
2780 1968 19
3643 5123 5
3643 5125 5
1969 2271 3
967 5209 15
4873 482 19
5612 5608 6
1706 2647 6
1551 4124 5
4546 3374 2
1032 976 17
3567 3908 6
4365 1868 8
2962 3348 2
2954 3853 15
1459 3761 5
3853 2238 2
1431 5614 19
3986 4330 8
2276 955 2
3780 1015 2
731 5089 3
1859 3046 3
2859 2940 0
1430 5679 0
3830 4793 6
4599 3821 0
1136 3918 17
4444 4442 17
4018 4009 15
1458 769 2
2466 3930 2
2679 2425 15
5174 322 2
1440 1866 8
2714 207 6
3475 3467 6
1851 3555 6
2790 1145 8
830 1808 2
437 4011 0
5123 3643 3
225 3984 0
4630 2940 0
4091 2424 2
27 2896 0
5089 731 5
2850 4557 3
5565 5567 5
2166 2117 17
5565 5563 5
2495 3816 0
4252 913 3
4042 2520 2
4725 4124 5
4916 4870 5
2125 4783 0
2214 5028 8
4867 2950 2
5609 5613 8
2214 5022 8
1565 87 15
3484 2907 8
2442 4106 13
5001 1321 3
3918 1136 15
1879 1866 8
287 1374 5
2453 3400 5
5427 5336 3
4266 3380 3
4027 1333 6
5346 5350 5
4648 3737 0
1534 5240 6
1542 1638 6
1336 5314 6
2857 3011 5
5455 5457 6
4028 1232 0
1770 5678 13
4084 2915 3
5564 5566 5
5074 5574 17
5564 5562 5
4851 2240 0
3269 4889 0
1544 1374 6
3064 587 0
3840 4559 0
3089 5171 15
4753 2426 17
1795 988 3
3089 4143 15
955 2539 0
2425 2161 17
4215 3425 6
5458 5296 6
5123 2392 3
2988 5413 13
4690 1316 0
5272 3217 2
3229 1454 3
2454 3278 5
4008 4755 3
3227 1579 0
1550 4071 13
4892 2715 0
5425 5441 17
5347 5348 3
1015 1805 5
243 4236 6
87 5085 17
4885 5259 2
728 2060 17
4071 1550 19
3279 5106 3
3258 547 13
3747 3282 5
5687 5688 2
5272 3219 2
3125 1787 8
4793 3830 8
5325 1688 5
5450 5335 6
5286 2323 3
2210 2458 8
672 1551 17
3011 2857 3
5041 2414 5
5316 2281 8
5607 5605 8
3477 3502 0
1331 2450 13
3289 4501 0
1422 89 6
1135 1098 0
2479 4971 8
4904 1924 0
1092 3039 2
3379 3748 17
2844 2240 0
819 2368 0
2911 4178 2
1731 5085 3
2031 1316 0
739 1431 0
1542 1524 6
4438 5008 17
2187 4097 5
2744 2355 8
1227 1231 17
1302 4765 5
2392 4303 5
4870 1063 0
5088 2493 19
935 937 8
1565 12 15
322 5174 0
1756 297 6
5337 5336 3
3857 3335 5
3321 716 0
2913 4093 5
5010 4614 2
1711 3300 6
5694 2077 2
3680 3677 6
1544 1364 2
5250 1658 3
5335 5450 8
3424 5447 8
2707 4689 5
516 3654 15
1299 4965 17
4583 2729 8
2806 3663 2
767 3032 3
1063 4870 2
3219 3207 0
5336 5427 5
4910 1454 3
2065 2090 5
2357 3173 2
1210 2446 5
2456 3278 2
5608 5612 8
4592 5061 0
1033 648 8
4364 4218 17
2031 1129 0
2140 937 8
4038 694 6
4308 692 6
357 2781 17
1062 4929 3
1444 1443 5
1135 1177 0
5480 1410 3
2539 926 2
351 3156 2
1053 2426 3
1542 1329 6
3685 3375 8
2907 3484 6
452 1759 8
1278 188 0
2559 2725 5
879 5169 2
1283 2949 2
5243 5260 3
3007 3270 0
3278 2456 0
2323 5286 5
3278 2454 3
5338 5339 5
3821 4599 2
2539 955 2
4625 3009 3
1443 1412 13
5605 5607 6
1495 4370 2
4630 4642 5
4648 489 0
1924 4904 2
891 1282 2
3257 728 6
4068 4677 2
428 3256 2
4869 4107 2
3578 1897 2
255 1615 3
395 309 6
1063 2716 2
5451 5421 6
3655 3289 2
1759 452 6
4439 4522 3
4446 4081 3
1897 3578 0
1443 1444 3
1581 1923 3
1560 3224 17
3748 3379 15
677 1328 8
2718 219 0
2281 5316 6
4972 5017 13
1443 1431 13
750 1070 8
3183 4500 15
5106 3279 5
4821 4125 17
1065 5620 19
4852 5169 2
2915 4084 5
256 1497 0
4082 3812 3
3663 2806 0
5606 5604 8
1551 672 15
1435 2103 0
4635 1280 6
412 4005 13
3039 1092 0
2828 2032 6
5562 3418 3
4110 4957 19
5413 5411 2
1876 1862 8
241 3587 2
3246 4586 8
5011 2139 15
3206 4100 2
1268 3785 0
803 653 6
2849 692 0
2030 1076 3
3270 3007 2
587 1149 6
1746 506 0
4619 3239 8
935 4830 8
1322 3317 17
4442 4444 15
5336 5337 5
1806 435 3
4589 5142 2
2129 1804 19
3324 357 15
2541 3768 2
4948 1040 5
1166 4540 0
4642 3827 3
4093 2913 3
4442 4467 15
4063 2846 2
1467 16 6
2899 4668 5
1626 1957 15
2933 2452 2
1879 4831 8
1145 2790 6
700 4249 5
2892 4099 5
3686 1425 8
3461 4283 3
3924 2674 3
5522 547 0
1574 2206 15
910 190 19
877 5485 3
2707 1066 5
5012 4071 0
1568 5657 2
316 3759 8
3279 3337 3
5682 5678 0
1265 214 0
3414 718 13
4083 4695 5
5341 5345 3
3281 3227 5
4541 5273 5
2314 3125 6
546 1498 5
5386 449 6
5604 5606 6
2562 2316 5
5072 3255 6
3060 620 2
3905 3518 8
2781 357 15
4811 4916 17
5485 877 5
2044 4143 0
565 316 16
3207 3219 2
4124 954 0
5260 5243 5
3248 565 5
5692 1944 13
846 847 2
5029 3162 0
3906 362 6
760 620 2
3375 3685 6
1810 3606 5
1979 5190 0
4894 2720 3
1872 2788 8
1904 3828 17
792 1731 2
1786 5116 3
3560 2829 0
1856 693 17
5154 5152 3
5681 5679 0
4559 3840 2
3977 956 6
4634 4237 6
5259 1375 0
5342 5344 3
3782 1272 15
3467 3475 8
2366 2782 0
3060 437 2
2357 282 6
4809 3031 5
4091 2932 2
1968 2780 13
3400 666 3
3560 2797 0
4303 563 3
4239 4287 5
847 846 0
2961 878 0
5008 4438 15
2323 2486 5
1707 11 2
3603 1030 15
3255 5072 8
990 965 2
96 4917 6
2452 2933 0
4226 5414 5
2744 2752 8
1609 3206 0
3156 351 0
2240 4851 2
4753 2781 17
5693 1801 19
2908 3231 2
1554 323 8
1791 1794 17
3797 585 5
718 3414 19
1948 1005 15
1354 853 2
4149 256 2
2718 377 0
5339 5338 3
2702 1415 20
4876 3848 2
1554 327 8
5449 5324 0
360 844 8
3162 23 2
377 789 2
1909 3627 3
2313 2555 15
3583 1136 15
4546 4542 2
1030 1520 8
716 3321 2
2183 3758 3
1066 2195 3
4910 2103 13
5022 2214 6
4823 2495 2
1915 3228 8
3131 1977 0
2169 4652 15
5447 3424 6
988 4025 19
3200 3708 8
2141 3347 0
4237 4634 8
2821 2776 17
5273 4541 3
1688 5325 3
1857 490 5
5679 5681 2
406 5052 5
4829 2133 8
844 4198 6
2688 1464 0
3143 255 6
5440 5443 8
2044 4115 3
5074 4093 2
3103 4717 2
751 4148 5
3898 3246 15
5323 1302 3
4081 4446 5
3304 968 2
3228 1915 6
5464 1884 6
1898 1312 5
5235 5225 3
72 1472 2
4102 5269 3
1524 2173 8
437 3060 0
3572 2760 17
3125 2314 8
968 5334 5
3918 1772 0
3284 3258 5
587 1439 6
2032 4844 8
4645 1329 6
4248 3857 17
2940 2859 2
3284 3278 5
3034 3052 8
1136 3583 17
5678 5682 2
87 1565 17
2037 1462 17
5329 5328 2
1299 1364 17
2271 1969 5
5026 4097 5
2208 2238 5
1787 1915 6
2077 4912 3
4075 4944 15
3110 4280 0
3687 3672 8
3252 4353 6
89 1422 8
4107 4869 0
4867 4839 19
2841 2845 2
2841 2844 2
1638 1528 8
1636 1655 0
1375 5259 2
5052 406 3
2657 3461 5
1420 2453 3
1081 1119 8
3908 3567 8
5130 385 8
2661 4275 8
5102 2090 5
3785 1268 2
2355 2744 6
5407 5405 0
1560 2774 17
3148 1062 2
1464 2688 2
466 217 0
636 1419 8
3928 4272 8
2679 2052 15
4100 3143 20
4071 5012 2
866 1345 6
3246 3898 17
4090 3782 3
2717 4574 0
2426 4753 15
716 4752 2
5330 5331 0
1070 750 6
3873 2752 8
1638 1542 8
1794 1791 15
176 2127 8
2829 3560 2
2749 2714 8
4970 5673 15
4831 1879 6
3461 2657 3
268 1921 5
2139 516 17
4084 4130 13
4383 2913 3
4931 585 5
4124 4725 3
1270 3240 2
3542 4766 5
2981 5467 0
2029 4942 17
476 619 5
650 514 0
1013 4331 8
1415 2702 14
4090 3747 3
2421 1579 5
3240 1270 0
2949 1283 0
2555 2313 17
3286 2514 5
3009 4625 5
390 1783 2
5677 5675 17
1491 4149 0
5406 5404 0
818 1284 17
1772 3271 2
5296 5458 8
4106 3744 2
4889 3269 2
4100 3206 0
687 1207 2
5112 1356 5
5240 1933 17
2173 1524 6
3737 4648 2
623 2325 15
5269 4102 5
1149 1851 8
2715 4892 2
5651 2137 6
2460 2221 2
400 2193 17
2197 8 0
3349 4467 15
2044 3797 3
1829 2627 2
908 1761 17
5437 5442 8
3467 3426 8
3744 4106 0
3006 3768 2
4574 2717 2
2524 1279 2
4542 4546 0
258 4956 19
188 1278 2
1761 908 15
3744 4103 5
2559 5173 5
1851 1149 6
3258 3284 3
5676 5674 17
5012 4649 0
4167 1110 19
3256 428 0
1064 1058 8
2103 42 19
5405 5407 2
951 2270 3
3623 4488 5
5169 4852 0
2890 69 0
2849 2671 0
5102 2052 5
4437 2166 15
5328 5329 0
2030 4738 3
256 4149 0
981 124 3
3518 89 6
4275 2503 3
2117 2166 15
3768 2541 0
1808 830 0
4818 5147 17
4124 1551 3
1796 1523 5
1805 1015 3
3808 198 8
693 2052 15
5085 87 15
3418 5562 5
2797 4952 2
2316 2562 3
3594 205 0
986 2910 5
5267 377 0
1926 5411 3
41 3114 3
5412 5410 2
1139 2668 0
866 1566 2
3207 2520 2
3673 4853 5
1279 2524 0
3747 4090 5
5675 5677 15
3753 3754 8
821 4042 0
3229 5090 13
1006 1667 3
888 164 3
1129 3276 2
4870 4916 3
3655 3944 2
1498 546 3
4929 1062 5
377 2718 2
5259 4885 0
3367 2219 15
1550 3257 13
4139 1534 0
367 3386 3
3269 2482 0
1788 5168 19
2845 2841 0
4115 2044 5
623 3481 15
2671 2849 2
5443 5440 6
1440 911 8
1528 1638 6
1324 5176 3
282 2357 8
5314 1336 8
1523 1796 3
5212 3928 6
4908 2350 2
5411 5413 0
2174 2580 0
3883 2372 15
4275 2661 6
3252 3815 6
4942 2029 15
2503 2493 19
5262 3714 2
2913 4383 5
997 2246 6
1468 5273 5
1488 4023 2
5674 5676 15
2077 5694 0
3190 4756 5
4354 4649 0
965 990 0
4103 3744 3
4121 1556 6
50 3438 3
2173 2743 6
789 377 0
2457 2471 0
1534 4139 2
2890 4823 0
395 1544 0
292 1673 2
976 3372 15
2844 2841 0
2725 2559 3
3239 4619 6
4912 2077 5
3152 1107 3
3046 1859 5
428 437 2
3190 3833 5
5442 5437 6
4130 4084 19
5657 1568 0
803 2476 15
2900 5250 2
193 263 6
5410 5412 0
4081 4080 5
3379 2843 17
431 240 2
1489 4006 2
2486 2323 3
1961 3750 0
3147 1433 2
1615 255 5
4614 4889 0
506 499 2
5699 911 8
1431 1443 19
3291 2413 0
2495 4823 0
3039 1332 6
5016 4444 15
4614 5010 0
5673 5671 17
5073 725 2
620 760 0
5061 4592 2
3278 3284 3
5225 5235 5
3224 1560 15
1122 814 15
63 1521 8
2752 2744 6
4137 1531 3
3210 2475 2
316 565 12
5126 4302 5
1318 2347 13
5331 5330 2
4324 1815 6
2135 2144 3
5416 5026 3
1356 3284 3
3288 2421 6
3156 3984 0
297 1756 8
2668 1139 2
547 4909 2
5441 5436 6
2889 4967 19
1969 132 3
3930 2466 0
1454 3229 5
4885 4180 2
4950 5212 8
2578 2588 8
5441 5425 15
1172 3707 2
913 4252 5
1036 2608 2
4100 877 5
1497 256 2
1912 3955 17
1777 97 8
4540 314 2
1119 1081 6
1746 2148 0
5672 5670 17
3848 4980 13
4994 349 0
5019 876 6
3754 3753 6
1054 4555 17
769 1458 0
3321 5404 0
2139 5011 17
5680 5116 2
4148 751 3
394 1219 8
1765 3755 3
2316 739 3
2836 665 0
1921 268 3
1544 395 2
4143 3089 17
42 4876 0
4917 96 8
1415 2562 14
4130 1933 2
5035 4907 0
2493 5088 13
4106 2442 19
3232 5124 6
3300 1711 8
3305 1423 8
5067 5073 0
1664 260 5
2640 2990 6
3765 296 0
3944 3655 0
4266 2206 0
3363 2766 3
5671 5673 15
4099 2892 3
923 656 17
4302 5126 3
1329 4645 8
952 1887 6
4287 4239 3
3768 3006 0
5670 5672 15
3283 2850 5
5321 5319 6
4283 3461 5
1707 4579 2
4534 853 2
731 913 3
1058 1064 6
4079 4137 19
4909 547 0
911 1440 6
5511 5505 2
3587 241 0
4651 4446 5
3347 2141 2
1375 1674 2
5368 5370 2
2236 1991 2
3304 4874 14
2900 2863 2
3116 300 3
2077 5405 13
3857 4248 15
2456 4292 3
2503 4275 5
4080 4081 3
4065 3030 3
190 519 13
3590 5257 3
2475 23 3
1012 1010 17
2756 622 3
1937 1993 6
5167 3589 6
2453 1420 5
5147 4818 15
3217 5272 0
4148 4740 3
2476 2996 8
5322 5320 0
3848 4869 13
739 712 0
4218 2325 15
5116 1786 5
5197 15 3
5322 5323 15
3848 4876 0
587 3064 2
2520 3207 0
2907 2442 19
97 455 6
188 847 2
5369 5367 2
1933 5240 15
2414 3989 3
1053 2323 3
13 455 6
1524 1542 8
4177 1933 17
3586 351 8
4288 3285 2
1013 1787 8
290 2474 8
4828 571 6
3173 4149 0
3708 935 6
5085 1731 5
4178 2911 0
3007 1170 15
5590 5588 6
2413 3645 2
2555 3828 17
5319 5321 8
3786 3080 0
1857 4390 0
2368 819 2
2187 2188 20
3815 3252 8
1642 4934 3
4303 2392 3
4149 1491 2
1531 4137 5
4921 2183 5
2450 1331 19
1884 5464 8
3951 3955 17
5366 5364 8
5591 5589 6
2950 4867 0
1345 866 8
2309 4514 15
3219 1287 0
2052 693 17
2896 3258 2
69 2890 2
5007 1367 0
499 506 0
4005 412 19
3617 3291 5
5190 1979 2
4778 48 8
4180 4885 0
4652 2169 17
3695 1841 0
