3227 2038 3
466 2760 5
1080 2757 3
263 276 3
2096 2581 5
819 2586 5
2354 2455 5
1451 1453 3
1789 4242 3
3341 3373 5
3462 417 5
1937 1925 5
1123 1167 5
4345 2945 5
2067 4218 3
4215 686 5
859 3585 3
2959 3130 3
783 1864 5
2123 3138 3
3108 595 5
1295 989 3
880 2715 3
1489 1501 3
1167 1123 3
868 3745 3
1463 627 5
1073 102 5
3245 906 3
4256 3372 5
2023 2493 3
1501 1489 5
4345 111 5
1458 962 5
1844 2917 3
1420 2038 3
2164 543 3
335 1647 3
2984 3328 3
3328 2984 5
865 1944 3
1590 1019 3
2708 3373 5
4250 1942 3
1147 1154 3
3246 2330 5
652 1932 3
2151 1916 5
4187 681 5
1215 1325 5
2502 4539 5
1912 1914 5
4396 314 5
4404 820 3
2054 316 5
1707 1504 5
1319 2516 3
1932 652 5
46 1937 3
4137 4204 5
3236 1392 3
2593 2679 5
354 1192 3
1790 915 5
2014 88 3
1908 880 5
2064 3064 3
2064 1283 3
562 4241 5
358 2013 5
3357 4059 5
1912 2128 5
952 776 3
2562 3276 3
3108 3405 5
3942 2852 5
3944 2715 3
906 3245 5
4241 2694 3
1283 2064 5
3585 859 5
2581 2096 3
2516 1319 5
944 1283 3
1179 1066 3
419 4026 3
3130 2959 5
3340 1613 5
915 1790 3
1227 847 5
2129 3364 3
88 8 5
3807 180 3
1808 1349 5
2038 3227 5
3538 618 3
4215 2753 5
3249 2323 3
3559 2642 5
915 2323 3
152 1589 5
1120 1501 3
2151 2238 5
500 416 3
1350 2023 5
1453 1451 5
4242 1789 5
1349 800 3
3080 2276 3
2038 1420 5
2357 2642 5
1257 2159 5
4062 4042 3
1501 4397 5
2031 3618 5
4164 322 5
2635 1044 3
1864 421 3
2715 1977 5
88 46 5
314 3722 3
283 276 3
1561 2827 3
648 2923 5
3722 314 5
2476 3292 3
52 4319 3
2704 2695 5
878 1943 3
38 1575 3
4238 1816 3
447 1429 5
637 556 3
618 1766 5
64 4550 5
637 1336 3
279 2122 5
47 1035 5
2945 4345 3
688 297 3
1377 2050 3
1504 1707 3
528 3266 3
4364 1954 3
880 1908 3
3117 2683 5
114 3058 3
1084 752 5
431 3209 3
2455 2354 3
4551 2695 5
670 2216 3
653 2525 3
2642 2190 3
3178 762 3
2514 791 5
1556 3816 5
1192 354 5
4204 4137 3
2695 2689 3
2158 2577 5
4204 557 3
3210 915 5
2071 2000 5
3944 789 3
3118 4373 3
1942 4250 5
1589 152 3
3126 3609 5
1925 1937 3
1519 1504 5
1943 878 5
1912 2776 5
2695 2704 3
314 4396 3
213 1076 5
4376 1484 5
556 637 5
3293 608 3
1353 1361 3
1900 2000 5
3372 4256 3
3538 3058 3
1943 864 5
4064 4060 5
3050 2417 3
2143 4110 3
2238 1044 3
1154 1147 5
1325 1215 3
2238 2151 3
3337 4244 3
2237 595 5
4060 4064 3
1450 481 3
2000 1900 3
152 3538 5
111 4345 3
3745 868 5
915 3210 3
676 688 5
3057 1023 5
1664 4506 5
2111 868 5
1054 2584 5
1148 1394 5
2529 3470 5
1902 3517 3
3876 2123 5
2853 2415 5
752 1084 3
4373 3118 5
102 1073 3
2525 653 5
3946 723 3
3364 2129 5
2269 3292 3
1568 2250 5
4550 64 3
2851 228 5
1970 557 3
4348 3249 5
3517 1902 5
4244 3337 5
2848 421 3
446 2651 3
1816 4238 5
2577 2158 3
2054 221 5
417 3462 3
2470 2245 5
562 1977 5
1708 2503 5
608 3293 5
1657 1093 3
1429 447 3
1044 4047 5
88 2014 5
4058 2151 3
2715 880 5
3582 1612 5
2651 446 5
3116 871 5
4218 2753 5
1394 1148 3
3491 4034 5
789 3944 5
1300 4520 3
4400 868 5
776 952 5
2174 1680 3
1283 944 5
1539 1668 3
2066 3967 5
2831 2834 3
3749 2597 5
1875 672 5
4319 52 5
3373 3341 3
1989 1349 5
2852 3942 3
4034 3491 3
543 2164 5
459 4064 3
3276 2562 5
2415 2853 3
3459 3462 3
4543 1718 3
180 3807 5
1336 637 5
1977 562 3
4034 3486 3
1948 3732 3
4397 1501 3
637 247 3
3031 2760 5
53 2503 5
627 3167 3
4052 4424 3
2190 1167 5
3967 2066 3
453 3911 3
1124 1758 5
2713 2716 3
2834 2831 5
1632 2835 3
824 864 5
686 4215 3
2642 2357 3
868 2111 3
865 4092 3
4404 1519 3
406 2348 5
2683 3117 3
297 688 5
791 2514 3
2437 1925 5
2509 1570 5
2348 406 3
2835 1632 5
2738 2690 3
3178 1919 3
868 4400 3
1501 1120 5
2299 3488 5
964 1465 3
2709 1359 3
2679 2593 3
293 2721 3
3470 2529 3
3308 2850 3
1066 1179 5
358 3852 5
4162 3247 3
1937 46 5
2000 2071 3
485 1200 5
3538 152 3
3618 2031 3
4550 1192 3
4416 2776 5
481 1450 5
2584 1054 3
1044 2635 5
3138 2123 5
4059 945 3
1647 335 5
1944 865 5
2757 1080 5
3191 1451 5
1613 3340 3
2122 279 3
4520 1300 5
3657 3932 5
2581 3577 3
1157 2685 5
2689 2695 5
2687 514 3
670 2937 3
514 2687 5
1875 3337 5
627 1463 3
75 670 5
2753 4218 3
2753 4215 3
749 3243 5
2685 1157 3
1937 2245 5
1035 47 3
322 4164 3
1167 2190 3
478 3459 5
1023 3057 3
859 2237 3
2827 1561 5
2597 3749 3
1919 533 5
2151 4058 5
1076 213 3
2470 3852 5
533 3722 3
595 2237 3
4110 2143 5
1359 4545 5
3921 4347 3
3936 3931 5
8 88 3
1217 4200 5
2237 859 5
1349 1989 3
1970 1919 3
3249 4348 3
1575 38 5
416 500 5
3262 3268 3
1977 2715 3
1009 2164 5
1146 1921 5
1361 1353 5
3932 3657 3
2884 1757 3
1757 2884 5
864 1943 3
2064 282 3
670 75 3
1392 3236 5
964 2142 3
4241 562 3
1718 4543 5
2644 2626 3
3722 533 5
2626 2644 5
3732 1948 5
3058 114 5
3816 1556 3
3013 2793 5
1864 783 3
2245 1937 3
653 4244 3
8 1408 3
4059 3357 3
3486 1590 5
4064 459 5
1504 1519 3
1093 1657 5
1303 3126 3
38 4351 3
4173 1040 5
652 1248 3
2937 670 5
3058 3538 5
1451 3191 3
1019 1590 5
2323 915 5
2776 1912 3
1044 2238 5
3292 2476 5
2276 3080 5
962 1458 3
3462 3459 5
3911 453 5
2715 3944 5
2503 53 3
1484 4376 3
3292 2269 5
1954 4364 5
3209 431 5
2760 466 3
2642 3559 3
1680 2174 5
945 4059 5
1519 4404 5
1919 1970 5
871 3116 3
282 2064 5
3337 1875 3
3247 4162 5
2013 358 3
4347 3921 5
2586 819 3
1219 2680 3
4545 1359 3
688 676 3
4346 144 5
3266 528 5
1248 652 5
1625 1161 3
1916 2151 3
3405 3108 3
3243 749 3
1434 681 5
2850 3308 5
1200 485 3
276 283 5
595 3108 3
4539 2502 3
1465 964 5
1758 1124 3
1766 618 3
421 1864 5
2493 2023 5
557 1970 5
4026 419 5
989 1295 5
3268 3262 5
4218 2067 5
2023 1350 3
1612 3582 3
3486 4034 5
2142 964 5
3852 2470 3
4351 38 5
47 65 5
656 4166 3
2760 3031 3
4042 4062 5
46 88 3
759 1758 5
3459 478 3
864 824 3
316 2054 3
2695 4551 3
247 637 5
2793 3013 3
1349 1808 3
4244 653 5
3373 2708 3
1408 8 5
2050 1377 5
2128 1912 3
2503 1708 3
256 58 5
1570 2509 3
1161 1625 5
3167 627 5
2417 3050 5
2159 1257 3
3931 3936 3
672 1875 3
2250 1568 3
228 2851 3
1040 4173 3
1668 1539 5
820 4404 5
42 2616 3
3577 2581 5
4200 1217 3
3745 4545 5
2917 1844 5
221 2054 3
2716 2713 5
1590 3486 3
2323 3249 5
2190 2642 5
144 4346 3
2923 648 3
1359 2709 5
2616 42 5
3852 358 3
1914 1912 3
3488 2299 3
2680 1219 5
4424 459 5
3064 2064 5
459 4424 3
4424 4052 5
276 263 5
1758 759 3
533 1919 3
197 1484 5
820 1300 5
421 2848 5
1484 197 3
4166 656 5
4092 865 5
1300 820 3
2690 2738 5
800 1349 5
4506 1664 3
1192 4550 5
3609 3126 3
618 3538 5
762 3178 5
2776 4416 3
557 4204 5
3126 1303 5
723 3946 5
1925 2437 3
58 256 3
681 4187 3
2216 670 5
2694 4241 5
2245 2470 3
2330 3246 3
1921 1146 3
4545 3745 3
847 1227 3
681 1434 3
2721 293 5
2164 1009 3
1919 3178 5
2123 3876 3
65 47 3
4047 1044 3
