0 490 1.3793 537 0.841573 536 -0.149565 706 -1.07131 
1 491 0.385393 537 0.717421 490 0.968493 706 -1.07131 
2 490 1.41064 537 0.868533 536 -0.164155 706 -1.11501 
3 490 -0.921198 56 1.0528 57 1.98639 187 -1.11799 
4 490 -0.898747 56 1.29248 57 1.72426 187 -1.11799 
5 490 -0.898747 56 1.31169 57 1.75066 187 -1.1636 
6 490 -0.898747 56 1.32057 57 1.78564 187 -1.20746 
7 490 1.44066 537 0.903461 536 -0.187078 706 -1.15704 
8 490 1.46822 537 0.945002 536 -0.217439 706 -1.19578 
9 490 -0.898747 56 1.31878 57 1.82785 187 -1.24789 
10 490 -0.898747 56 1.30639 57 1.87567 187 -1.28331 
11 490 1.49224 537 0.991556 536 -0.254072 706 -1.22973 
12 490 1.51182 537 1.04134 536 -0.295571 706 -1.25759 
13 490 -0.898747 56 1.28388 57 1.92725 187 -1.31239 
14 490 -0.898747 56 1.25211 57 1.98063 187 -1.33399 
15 491 0.356174 537 0.752435 490 1.16968 706 -1.27829 
16 491 0.404656 537 0.756613 490 1.12978 706 -1.29105 
17 490 -0.898747 56 1.2123 57 2.03375 187 -1.3473 
18 490 -0.898747 56 1.16599 57 2.08455 187 -1.35179 
19 491 0.452896 537 0.75843 490 1.08402 706 -1.29535 
20 491 0.499046 537 0.757822 490 1.03418 706 -1.29105 
21 490 -0.898747 56 1.11495 57 2.1311 187 -1.3473 
22 57 2.02895 58 1.23183 491 -0.910468 177 -1.35031 
23 491 0.541326 537 0.754806 490 0.98216 706 -1.27829 
24 491 0.578119 537 0.749503 490 0.929965 706 -1.25759 
25 57 1.9747 58 1.26421 491 -0.910468 177 -1.32844 
26 57 1.92193 58 1.28755 491 -0.910468 177 -1.29901 
27 491 0.608002 537 0.742117 490 0.879608 706 -1.22973 
28 491 0.629833 537 0.732929 490 0.833017 706 -1.19578 
29 57 1.87268 58 1.30094 491 -0.910468 177 -1.26315 
30 57 1.82882 58 1.30388 491 -0.910468 177 -1.22223 
31 491 0.642773 537 0.722292 490 0.791978 706 -1.15704 
32 491 0.646319 537 0.710617 490 0.758078 706 -1.11501 
33 57 1.79206 58 1.29624 491 -0.910468 177 -1.17783 
34 57 1.7638 58 1.27833 491 -0.910468 177 -1.13166 
35 491 0.640345 537 0.698352 490 0.73261 706 -1.07131 
36 491 0.625068 537 0.685967 490 0.716563 706 -1.0276 
37 57 1.74513 58 1.25083 491 -0.910468 177 -1.08549 
38 57 1.73676 58 1.2148 491 -0.910468 177 -1.0411 
39 491 0.601088 537 0.67394 490 0.710543 706 -0.98557 
40 491 0.569314 537 0.66273 490 0.714789 706 -0.946834 
41 57 1.73903 58 1.17162 491 -0.910468 177 -1.00018 
42 57 1.75183 58 1.12296 491 -0.910468 177 -0.964319 
43 491 0.530978 537 0.652772 490 0.729136 706 -0.912886 
44 491 0.487549 537 0.644446 490 0.75303 706 -0.885025 
45 57 1.77468 58 1.07067 491 -0.910468 177 -0.934888 
46 57 1.80671 58 1.01678 491 -0.910468 177 -0.913017 
47 491 0.440689 537 0.638072 490 0.785559 706 -0.864321 
48 491 0.39221 537 0.633897 490 0.825467 706 -0.851574 
49 490 -0.898747 56 0.87361 57 1.91382 187 -0.888682 
50 490 -0.898747 56 0.919924 57 1.86301 187 -0.884187 
51 491 0.343968 537 0.632078 490 0.871221 706 -0.847267 
52 491 0.29782 537 0.632688 490 0.921066 706 -0.851574 
53 490 -0.898747 56 0.970969 57 1.81646 187 -0.888682 
54 490 -0.898747 56 1.02478 57 1.77595 187 -0.901984 
55 491 0.255538 537 0.635701 490 0.973082 706 -0.864321 
56 490 1.24423 537 0.849823 536 -0.209025 706 -0.885025 
57 490 -0.898747 56 1.07929 57 1.74305 187 -0.923591 
58 490 -0.898747 56 1.1324 57 1.71901 187 -0.952666 
59 490 1.26467 537 0.828683 536 -0.18047 706 -0.912886 
60 490 1.28941 537 0.81703 536 -0.159609 706 -0.946834 
61 490 -0.898747 56 1.18207 57 1.70477 187 -0.988093 
62 490 -0.898747 56 1.2264 57 1.70086 187 -1.02852 
63 490 1.3175 537 0.815314 536 -0.147245 706 -0.98557 
64 490 1.34785 537 0.823596 536 -0.143848 706 -1.0276 
65 490 -0.898747 56 1.26369 57 1.70744 187 -1.07238 
66 490 1.38606 537 0.552491 536 0.0470145 706 -0.98557 
67 490 1.44775 537 0.58774 536 0.0358135 706 -1.07131 
68 490 0.893439 698 -0.825257 536 0.196442 489 0.735376 
69 490 0.922563 698 -0.933747 536 0.193513 489 0.81767 
70 490 0.769735 698 -0.795668 536 0.0626494 489 0.963284 
71 490 0.806801 698 -0.933747 536 0.058921 489 1.06802 
72 698 -0.771385 490 0.593467 56 0.108498 489 1.06942 
73 698 -0.933747 490 0.632585 56 0.113111 489 1.18805 
74 698 -0.753339 490 0.382529 56 0.309851 489 1.06096 
75 698 -0.933747 490 0.425995 56 0.314977 489 1.19278 
76 176 -0.878975 56 0.83349 55 0.553775 489 0.491711 
77 176 -1.10578 56 0.909311 55 0.704757 489 0.491711 
78 176 -0.87453 56 0.933537 55 0.685116 489 0.255876 
79 176 -1.10578 56 1.01085 55 0.839053 489 0.255876 
80 176 -0.878976 56 1.08571 55 0.773216 489 0.0200501 
81 176 -1.10578 56 1.16153 55 0.924197 489 0.0200501 
82 176 -0.892133 56 1.28416 55 0.8147 489 -0.206724 
83 176 -1.10578 56 1.35558 55 0.956918 489 -0.206724 
84 176 -0.913504 56 1.52125 55 0.807969 489 -0.415715 
85 176 -1.10578 56 1.58553 55 0.935961 489 -0.415715 
86 490 -0.578933 56 1.70272 57 0.828875 187 -0.952665 
87 490 -0.578933 56 1.8071 57 0.889824 187 -1.11799 
88 490 -0.724265 56 1.59501 57 1.11735 187 -0.988092 
89 490 -0.724265 56 1.67702 57 1.16524 187 -1.11799 
90 490 -0.832247 56 1.44676 57 1.414 187 -1.02852 
91 490 -0.832247 56 1.50325 57 1.44699 187 -1.11799 
92 490 -0.832247 56 1.37364 57 1.40109 187 -0.94248 
93 490 -0.724265 56 1.48885 57 1.09861 187 -0.863194 
94 490 -0.578933 56 1.56761 57 0.805018 187 -0.793694 
95 176 -0.728615 56 1.50031 55 0.644021 489 -0.415715 
96 176 -0.686701 56 1.26088 55 0.63254 489 -0.206724 
97 176 -0.660884 56 1.061 55 0.579831 489 0.0200501 
98 176 -0.652165 56 0.908351 55 0.487938 489 0.255876 
99 176 -0.660884 56 0.808783 55 0.36039 489 0.491711 
100 698 -0.579867 490 0.384282 56 0.306425 489 0.88916 
101 698 -0.61526 490 0.595049 56 0.105414 489 0.914798 
102 490 0.768533 698 -0.662895 536 0.0651421 489 0.82922 
103 490 0.8925 698 -0.720941 536 0.198401 489 0.63004 
104 490 1.32653 537 0.53623 536 0.0403666 706 -0.903126 
105 490 1.27144 537 0.539601 536 0.016109 706 -0.82715 
106 490 0.91978 698 -0.624806 536 0.199313 489 0.505713 
107 490 0.803255 698 -0.540533 536 0.0663029 489 0.670975 
108 698 -0.471377 490 0.637259 56 0.103978 489 0.730141 
109 698 -0.419988 490 0.43119 56 0.304829 489 0.68397 
110 698 -0.388343 490 0.260528 56 0.525081 489 0.602734 
111 176 -0.447238 56 0.936253 55 0.255109 489 0.255876 
112 176 -0.45989 56 1.08837 55 0.351474 489 0.0200501 
113 176 -0.497366 56 1.28667 55 0.417425 489 -0.206724 
114 490 -0.401856 56 1.41797 57 0.548276 187 -0.564387 
115 490 -0.578933 56 1.40694 57 0.819186 187 -0.647189 
116 490 -0.724265 56 1.36261 57 1.10974 187 -0.748082 
117 490 -0.832247 56 1.28668 57 1.40876 187 -0.863194 
118 490 -0.832247 56 1.18924 57 1.4367 187 -0.793695 
119 490 -0.724265 56 1.22115 57 1.15031 187 -0.647189 
120 490 -0.578933 56 1.22689 57 0.87082 187 -0.518775 
121 490 -0.401856 56 1.20625 57 0.608993 187 -0.413386 
122 490 -0.199832 56 1.16003 57 0.374886 187 -0.33508 
123 490 0.0193817 56 1.08997 57 0.177496 187 -0.286853 
124 490 0.247346 56 0.998813 57 0.0244116 187 -0.27057 
125 698 -0.23958 490 0.356345 56 0.525395 489 0.357841 
126 698 -0.27986 490 0.521441 56 0.305124 489 0.453294 
127 698 -0.345261 490 0.71849 56 0.104244 489 0.522527 
128 490 0.872553 698 -0.433281 536 0.0660876 489 0.49464 
129 490 1.23055 537 0.296887 536 0.0927225 706 -0.620164 
130 490 1.22291 537 0.562457 536 -0.0248109 706 -0.760553 
131 490 1.1828 537 0.603931 536 -0.0808302 706 -0.7059 
132 490 1.17233 537 0.357093 536 0.011399 706 -0.540821 
133 490 0.973766 698 -0.345261 536 0.0645046 489 0.30699 
134 698 -0.241763 490 0.83561 56 0.106203 489 0.299951 
135 698 -0.164853 490 0.651579 56 0.307301 489 0.205973 
136 490 0.475318 56 0.623015 57 0.0423404 187 -0.140674 
137 490 0.247346 56 0.726573 57 0.147619 187 -0.121538 
138 490 0.0193817 56 0.822962 57 0.29833 187 -0.140674 
139 490 -0.199832 56 0.908499 57 0.488714 187 -0.197381 
140 490 -0.401856 56 0.979887 57 0.711436 187 -0.289468 
141 490 -0.578933 56 1.03438 57 0.957937 187 -0.413387 
142 490 -0.724265 56 1.0699 57 1.21875 187 -0.564388 
143 490 -0.832247 56 1.08506 57 1.48385 187 -0.736661 
144 490 -0.832247 56 0.97814 57 1.54839 187 -0.694284 
145 490 -0.724265 56 0.914671 57 1.31245 187 -0.502859 
146 490 -0.578933 56 0.836821 57 1.07719 187 -0.335081 
147 490 -0.401856 56 0.747573 57 0.851664 187 -0.197382 
148 490 -0.199832 56 0.65037 57 0.644524 187 -0.0950616 
149 490 0.0193817 56 0.54893 57 0.463746 187 -0.032058 
150 490 0.247346 56 0.447173 57 0.316267 187 -0.0107857 
151 490 0.475318 56 0.348984 57 0.207756 187 -0.0320576 
152 490 0.694532 56 0.258155 57 0.142374 187 -0.0950609 
153 698 -0.164853 490 0.984116 56 0.109778 489 0.0709585 
154 491 0.06625 537 0.16364 490 1.0912 706 -0.321088 
155 490 1.12857 537 0.442011 536 -0.0887178 706 -0.481861 
156 490 1.15266 537 0.662422 536 -0.149789 706 -0.665293 
157 491 0.239695 537 0.506867 490 0.893719 706 -0.640281 
158 491 0.213248 537 0.344798 490 0.887507 706 -0.445553 
159 491 0.219501 537 0.152715 490 0.902659 706 -0.274875 
160 491 0.258208 537 -0.0620066 490 0.938598 706 -0.1348 
161 57 0.337545 491 0.0289746 490 0.66593 177 -0.0324496 
162 490 0.475318 56 0.0784711 57 0.411384 187 0.0348272 
163 490 0.247346 56 0.171349 57 0.523891 187 0.0574142 
164 490 0.0193817 56 0.278418 57 0.667374 187 0.0348268 
165 490 -0.199832 56 0.395543 57 0.836347 187 -0.0320582 
166 490 -0.401856 56 0.518235 57 1.0243 187 -0.140674 
167 490 -0.578933 56 0.641783 57 1.224 187 -0.286854 
168 490 -0.724265 56 0.761436 57 1.4278 187 -0.464969 
169 490 -0.832247 56 0.872583 57 1.62785 187 -0.668182 
170 490 -0.832247 56 0.772457 57 1.71916 187 -0.659367 
171 490 -0.724265 56 0.616075 57 1.56037 187 -0.452177 
172 490 -0.578933 56 0.456776 57 1.39273 187 -0.270571 
173 490 -0.401856 56 0.300693 57 1.22269 187 -0.12153 
174 490 -0.199832 56 0.153821 57 1.0568 187 -0.0107861 
175 490 0.0193817 56 0.0217992 57 0.901405 187 0.057414 
176 57 0.67113 491 0.00777748 490 0.239669 177 0.0814237 
177 57 0.465056 491 0.117234 490 0.359594 177 0.0581167 
178 57 0.313231 491 0.245005 490 0.452681 177 -0.0109173 
179 57 0.221489 491 0.386172 490 0.515354 177 -0.123016 
180 491 0.386767 537 0.150505 490 0.722 706 -0.259272 
181 491 0.344671 537 0.343062 490 0.745562 706 -0.433295 
182 491 0.330217 537 0.505671 490 0.795946 706 -0.631834 
183 491 0.424847 537 0.509239 490 0.706196 706 -0.640281 
184 491 0.482053 537 0.34824 490 0.61526 706 -0.445553 
185 491 0.561618 537 0.157096 490 0.556161 706 -0.274875 
186 57 0.238123 491 0.599314 490 0.304957 177 -0.142394 
187 57 0.331715 491 0.481836 490 0.218899 177 -0.0324496 
188 57 0.484683 491 0.368652 490 0.111412 177 0.0352532 
189 57 0.677516 58 0.0137958 491 0.250572 177 0.0581165 
190 57 0.789726 58 0.155387 491 0.0196345 177 0.0352528 
191 57 0.930447 58 0.304441 491 -0.202438 177 -0.0324503 
192 57 1.09428 58 0.455215 491 -0.407096 177 -0.142395 
193 57 1.27492 58 0.601929 491 -0.586483 177 -0.290362 
194 57 1.46543 58 0.738941 491 -0.73371 177 -0.470656 
195 57 1.65849 58 0.860971 491 -0.843101 177 -0.676355 
196 57 1.58009 58 0.965785 491 -0.843101 177 -0.702776 
197 57 1.35162 58 0.891098 491 -0.73371 177 -0.50901 
198 57 1.13007 58 0.795595 491 -0.586483 177 -0.339179 
199 57 0.923951 58 0.682942 491 -0.407096 177 -0.199796 
200 57 0.741194 58 0.557468 491 -0.202438 177 -0.0962244 
201 57 0.58881 58 0.424006 491 0.0196345 177 -0.0324501 
202 57 0.472666 58 0.28768 491 0.250572 177 -0.0109176 
203 57 0.548989 491 0.632497 490 -0.149037 177 -0.0324498 
204 57 0.392289 491 0.730366 490 -0.0264315 177 -0.0962237 
205 57 0.292645 491 0.822993 490 0.0841578 177 -0.199795 
206 491 0.737339 537 0.172234 490 0.411516 706 -0.321088 
207 491 0.620112 537 0.360133 490 0.501616 706 -0.481861 
208 491 0.519949 537 0.517432 490 0.627912 706 -0.665293 
209 491 0.611857 537 0.529933 490 0.56411 706 -0.7059 
210 491 0.753542 537 0.378284 490 0.408995 706 -0.540821 
211 491 0.907168 537 0.195335 490 0.293622 706 -0.396125 
212 57 0.382953 491 1.04861 490 -0.13855 177 -0.293007 
213 57 0.492633 491 0.981059 490 -0.273897 177 -0.199795 
214 57 0.236222 58 0.424656 491 0.481517 177 -0.142394 
215 57 0.308517 58 0.563927 491 0.250572 177 -0.123016 
216 57 0.427811 58 0.694949 491 0.0196345 177 -0.142395 
217 57 0.589537 58 0.812697 491 -0.202438 177 -0.199796 
218 57 0.787468 58 0.912637 491 -0.407096 177 -0.293008 
219 57 1.014 58 0.990931 491 -0.586483 177 -0.418443 
220 57 1.26043 58 1.04457 491 -0.73371 177 -0.571291 
221 57 1.51728 58 1.0715 491 -0.843101 177 -0.745672 
222 57 1.47245 58 1.17406 491 -0.843101 177 -0.803403 
223 57 1.19534 58 1.19347 491 -0.73371 177 -0.655105 
224 57 0.931165 58 1.18044 491 -0.586483 177 -0.52512 
225 57 0.690064 58 1.13547 491 -0.407096 177 -0.418443 
226 57 0.481317 58 1.0603 491 -0.202438 177 -0.339179 
227 57 0.312922 58 0.957806 491 0.0196345 177 -0.290362 
228 57 0.191374 58 0.831934 491 0.250572 177 -0.27388 
229 58 0.806839 492 0.171796 491 0.312931 189 -0.291566 
230 58 0.632575 492 0.23658 491 0.47143 189 -0.340585 
231 58 0.506742 492 0.27769 491 0.635746 189 -0.420177 
232 538 -0.204168 537 0.424254 491 1.27703 706 -0.497112 
233 538 -0.336253 537 0.729311 491 1.22711 706 -0.620164 
234 491 0.697053 537 0.546265 490 0.517234 706 -0.760553 
235 491 0.772255 537 0.5658 490 0.489094 706 -0.82715 
236 538 -0.295962 537 0.718453 491 1.29436 706 -0.716852 
237 538 -0.152881 537 0.410426 491 1.36262 706 -0.620164 
238 58 0.656342 492 0.48547 491 0.431848 189 -0.573659 
239 58 0.798797 492 0.467458 491 0.244865 189 -0.51112 
240 58 0.983302 492 0.416895 491 0.0724104 189 -0.472608 
241 58 1.20276 492 0.335716 491 -0.0788718 189 -0.459606 
242 57 0.248545 58 1.20248 491 0.0196345 177 -0.470656 
243 57 0.420673 58 1.29077 491 -0.202438 177 -0.509009 
244 57 0.635496 58 1.34289 491 -0.407096 177 -0.571291 
245 57 0.884753 58 1.35684 491 -0.586483 177 -0.655105 
246 57 1.15888 58 1.33206 491 -0.73371 177 -0.757232 
247 57 1.44733 58 1.26952 491 -0.843101 177 -0.873752 
248 57 1.44289 58 1.35422 491 -0.843101 177 -0.954008 
249 57 1.15243 58 1.45503 491 -0.73371 177 -0.873752 
250 57 0.876551 58 1.51333 491 -0.586483 177 -0.803403 
251 57 0.625844 58 1.52692 491 -0.407096 177 -0.745671 
252 58 1.40038 59 0.511607 492 -0.206292 189 -0.705691 
253 58 1.22999 59 0.429164 492 0.0200083 189 -0.67916 
254 58 1.4092 492 0.558133 491 -0.297134 189 -0.6702 
255 58 1.18578 492 0.635033 491 -0.141652 189 -0.679159 
256 58 0.989528 492 0.672947 491 0.0432156 189 -0.70569 
257 58 0.82799 492 0.670403 491 0.25037 189 -0.748763 
258 538 -0.137705 537 0.436278 491 1.46198 706 -0.760553 
259 538 -0.284032 537 0.738757 491 1.37242 706 -0.82715 
260 538 -0.474162 537 1.04934 491 1.32794 706 -0.903126 
261 538 -0.485801 537 1.08427 491 1.3871 706 -0.98557 
262 538 -0.30093 537 0.789457 491 1.45831 706 -0.946834 
263 491 0.452024 538 0.0320659 701 -0.869223 492 1.38513 
264 58 1.0151 492 0.825376 491 0.098292 189 -0.938764 
265 58 1.19742 492 0.845134 491 -0.125755 189 -0.916803 
266 58 1.40649 492 0.817831 491 -0.321034 189 -0.903282 
267 58 1.63423 492 0.744517 491 -0.480036 189 -0.898714 
268 58 1.26961 59 0.613664 492 0.0200083 189 -0.903283 
269 58 1.4377 59 0.685399 492 -0.206292 189 -0.916803 
270 57 0.66149 58 1.68049 491 -0.407096 177 -0.934888 
271 57 0.906864 58 1.64394 491 -0.586483 177 -0.964318 
272 57 1.17625 58 1.55764 491 -0.73371 177 -1.00018 
273 57 1.4593 58 1.4249 491 -0.843101 177 -1.0411 
274 57 1.49592 58 1.47885 491 -0.843101 177 -1.13166 
275 57 1.22942 58 1.63595 491 -0.73371 177 -1.13166 
276 57 0.974536 58 1.74361 491 -0.586483 177 -1.13166 
277 57 0.741066 58 1.79769 491 -0.407096 177 -1.13166 
278 58 1.52374 59 0.818914 492 -0.206292 189 -1.13636 
279 58 1.36094 59 0.755406 492 0.0200083 189 -1.13636 
280 58 1.8692 492 0.8877 491 -0.620543 189 -1.13636 
281 58 1.63694 492 0.958265 491 -0.458845 189 -1.13636 
282 58 1.41451 492 0.977417 491 -0.255567 189 -1.13636 
283 58 1.21046 492 0.944427 491 -0.0185343 189 -1.13636 
284 491 0.386997 538 0.0220084 701 -1.02007 492 1.61106 
285 538 -0.34601 537 0.868608 491 1.54871 706 -1.07131 
286 538 -0.516848 537 1.13878 491 1.44937 706 -1.07131 
287 538 -0.566117 537 1.2108 491 1.51236 706 -1.15704 
288 538 -0.417533 537 0.973159 491 1.64015 706 -1.19578 
289 491 0.356387 538 0.0113138 701 -1.17091 492 1.80321 
290 58 1.40659 492 1.02299 491 -0.0956315 189 -1.33395 
291 58 1.63243 492 1.06471 491 -0.341233 189 -1.35591 
292 58 1.86829 492 1.05094 491 -0.549785 189 -1.36944 
293 58 2.10508 492 0.982189 491 -0.713267 189 -1.374 
294 58 1.50049 59 0.848941 492 0.0200083 189 -1.36944 
295 58 1.65518 59 0.907024 492 -0.206292 189 -1.35591 
296 57 0.861507 58 1.87404 491 -0.407104 177 -1.32844 
297 57 1.07697 58 1.80853 491 -0.586491 177 -1.29901 
298 57 1.3099 58 1.68696 491 -0.73371 177 -1.26315 
299 57 1.55135 58 1.51398 491 -0.843101 177 -1.22223 
300 57 1.62347 58 1.52895 491 -0.843101 177 -1.30932 
301 57 1.41459 58 1.7087 491 -0.73371 177 -1.38958 
302 57 1.21022 58 1.8362 491 -0.586491 177 -1.45992 
303 57 1.01819 58 1.90657 491 -0.407104 177 -1.51766 
304 58 1.82698 59 0.946336 492 -0.206292 189 -1.56702 
305 58 1.68287 59 0.890674 492 0.0200083 189 -1.59355 
306 58 2.3328 492 1.02435 491 -0.754636 189 -1.60251 
307 58 2.09163 492 1.09228 491 -0.59036 189 -1.59355 
308 58 1.84282 492 1.10367 491 -0.379459 189 -1.56703 
309 58 1.59593 492 1.05804 491 -0.130027 189 -1.52395 
310 538 -0.428812 537 0.894903 491 1.91597 706 -1.38206 
311 538 -0.512752 537 1.09909 491 1.72912 706 -1.31546 
312 538 -0.63171 537 1.29755 491 1.57364 706 -1.23949 
313 491 0.890964 537 0.703497 490 0.721001 706 -1.31546 
314 538 -0.628011 537 1.24158 491 1.8122 706 -1.42577 
315 538 -0.575501 537 1.07624 491 2.02171 706 -1.52245 
316 58 1.77122 492 1.04823 491 -0.120402 189 -1.69905 
317 58 2.03759 492 1.09277 491 -0.368764 189 -1.76159 
318 58 2.2984 492 1.08072 491 -0.579015 189 -1.80011 
319 58 2.54362 492 1.01256 491 -0.743067 189 -1.81311 
320 57 0.920432 58 1.8526 491 0.0196345 177 -1.79267 
321 57 1.05358 58 1.90318 491 -0.202438 177 -1.75432 
322 57 1.2051 58 1.89405 491 -0.407104 177 -1.69204 
323 57 1.36916 58 1.82556 491 -0.586491 177 -1.60822 
324 57 1.53947 58 1.70033 491 -0.73371 177 -1.5061 
325 57 1.70949 58 1.52319 491 -0.843101 177 -1.38958 
326 57 1.80611 58 1.49692 491 -0.843101 177 -1.45993 
327 57 1.67975 58 1.66219 491 -0.73371 177 -1.60822 
328 57 1.54769 58 1.777 491 -0.586491 177 -1.73821 
329 57 1.41503 58 1.83696 491 -0.407104 177 -1.84488 
330 57 1.28685 58 1.83975 491 -0.202438 177 -1.92416 
331 57 1.16807 58 1.78526 491 0.0196266 177 -1.97296 
332 57 1.06328 58 1.6756 491 0.250572 177 -1.98945 
333 58 2.48064 492 1.01669 491 -0.516176 189 -1.98115 
334 58 2.20926 492 1.03245 491 -0.309571 189 -1.93214 
335 58 1.92572 492 0.993954 491 -0.0671363 189 -1.85254 
336 538 -0.742061 537 1.27168 491 2.11588 706 -1.6455 
337 538 -0.758874 537 1.39513 491 1.88619 706 -1.52245 
338 491 0.848142 537 0.721521 490 0.812397 706 -1.38206 
339 491 0.789518 537 0.736011 490 0.911183 706 -1.43671 
340 491 1.01146 537 0.677463 490 0.912865 706 -1.60179 
341 491 1.23544 537 0.576117 490 0.934929 706 -1.74649 
342 57 2.04984 491 1.8588 490 -0.938316 177 -1.97033 
343 57 2.34478 491 1.8813 490 -1.16255 177 -2.06353 
344 57 1.24177 58 1.39764 491 0.481517 177 -2.12093 
345 57 1.33377 58 1.55597 491 0.250572 177 -2.14031 
346 57 1.43337 58 1.66794 491 0.0196266 177 -2.12093 
347 57 1.53674 58 1.72923 491 -0.202438 177 -2.06353 
348 57 1.63993 58 1.7375 491 -0.407104 177 -1.97033 
349 57 1.73896 58 1.69242 491 -0.586491 177 -1.84488 
350 57 1.83003 58 1.59572 491 -0.73371 177 -1.69204 
351 57 1.90962 58 1.45114 491 -0.843101 177 -1.51766 
352 57 2.01604 58 1.38761 491 -0.843101 177 -1.56055 
353 57 1.98452 58 1.5035 491 -0.73371 177 -1.75432 
354 57 1.9356 58 1.57504 491 -0.586491 177 -1.92416 
355 57 1.87116 58 1.59948 491 -0.407104 177 -2.06353 
356 57 1.79368 58 1.57587 491 -0.202438 177 -2.1671 
357 57 1.70612 58 1.50513 491 0.0196266 177 -2.23088 
358 57 1.61186 58 1.38998 491 0.250572 177 -2.25241 
359 57 2.73374 491 1.6944 490 -1.19727 177 -2.23088 
360 57 2.45029 491 1.73066 490 -1.01385 177 -2.1671 
361 57 2.14479 491 1.72323 490 -0.804494 177 -2.06353 
362 491 1.1021 537 0.595337 490 1.1241 706 -1.82153 
363 491 0.9067 537 0.692563 490 1.06149 706 -1.66075 
364 491 0.717354 537 0.746414 490 1.01356 706 -1.47733 
365 491 0.634411 537 0.752324 490 1.1156 706 -1.50233 
366 491 0.786295 537 0.701147 490 1.20962 706 -1.69706 
367 491 0.948843 537 0.60626 490 1.31263 706 -1.86774 
368 57 2.20436 491 1.55501 490 -0.638433 177 -2.12093 
369 57 2.51647 491 1.54374 490 -0.829337 177 -2.23088 
370 57 2.804 491 1.49596 490 -1.00139 177 -2.29858 
371 57 3.0559 491 1.41352 490 -1.14798 177 -2.32144 
372 57 1.97585 58 1.3031 491 0.0196266 177 -2.29858 
373 57 2.04775 58 1.38556 491 -0.202438 177 -2.23088 
374 57 2.09983 58 1.42821 491 -0.407104 177 -2.12093 
375 57 2.13007 58 1.42939 491 -0.586491 177 -1.97297 
376 57 2.13731 58 1.38907 491 -0.73371 177 -1.79267 
377 57 2.12129 58 1.30879 491 -0.843101 177 -1.58697 
378 490 -0.832247 56 1.25513 57 2.15373 187 -1.57661 
379 490 -0.724265 56 1.3168 57 2.19126 187 -1.7838 
380 490 -0.578941 56 1.34864 57 2.19571 187 -1.96541 
381 490 -0.401863 56 1.34941 57 2.1669 187 -2.11445 
382 490 -0.199832 56 1.31908 57 2.10594 187 -2.22519 
383 490 0.0193739 56 1.25884 57 2.01517 187 -2.29339 
384 57 3.08222 491 1.17969 490 -0.91716 177 -2.34475 
385 57 2.82982 491 1.26663 490 -0.775009 177 -2.32144 
386 57 2.54078 491 1.32771 490 -0.616088 177 -2.25241 
387 57 2.22624 491 1.36059 490 -0.446515 177 -2.14031 
388 491 0.781578 537 0.608469 490 1.49329 706 -1.88334 
389 491 0.654872 537 0.702882 490 1.35156 706 -1.70932 
390 491 0.543889 537 0.753521 490 1.21337 706 -1.51078 
391 491 0.44926 537 0.749953 490 1.30312 706 -1.50233 
392 491 0.51749 537 0.697704 490 1.48187 706 -1.69706 
393 491 0.606727 537 0.601879 490 1.65913 706 -1.86774 
394 57 2.2096 491 1.14745 490 -0.236118 177 -2.12093 
395 57 2.5223 491 1.09088 490 -0.382306 177 -2.23088 
396 490 0.475318 56 1.29174 57 1.50375 187 -2.2708 
397 490 0.247346 56 1.40839 57 1.63766 187 -2.29339 
398 490 0.0193739 56 1.49169 57 1.75974 187 -2.2708 
399 490 -0.199832 56 1.53842 57 1.86533 187 -2.20392 
400 490 -0.401863 56 1.5468 57 1.95036 187 -2.0953 
401 490 -0.578941 56 1.51651 57 2.01156 187 -1.94912 
402 490 -0.724265 56 1.4487 57 2.04657 187 -1.77101 
403 490 -0.832247 56 1.34598 57 2.05407 187 -1.5678 
404 490 -0.832247 56 1.42406 57 1.94988 187 -1.54169 
405 490 -0.724265 56 1.56206 57 1.89533 187 -1.73312 
406 490 -0.578941 56 1.66079 57 1.81905 187 -1.9009 
407 490 -0.401863 56 1.71646 57 1.724 187 -2.0386 
408 490 -0.199832 56 1.72694 57 1.61381 187 -2.14091 
409 490 0.0193739 56 1.69181 57 1.49274 187 -2.20392 
410 490 0.247346 56 1.61244 57 1.36541 187 -2.22519 
411 490 0.475318 56 1.49186 57 1.23674 187 -2.20392 
412 490 0.694532 56 1.33472 57 1.11166 187 -2.14091 
413 490 0.896555 56 1.14705 57 0.994989 187 -2.03859 
414 491 0.431008 537 0.586743 490 1.80378 706 -1.82153 
415 490 1.9753 537 1.04803 536 -0.362573 706 -1.66075 
416 490 1.7359 537 1.07985 536 -0.338424 706 -1.47733 
417 490 1.7077 537 0.979609 536 -0.250597 706 -1.43671 
418 490 1.93436 537 0.902491 536 -0.235064 706 -1.60179 
419 490 2.18309 537 0.812966 536 -0.249572 706 -1.74649 
420 698 -1.62574 490 1.33607 56 0.151283 489 1.13838 
421 490 0.694532 56 1.48517 57 0.858896 187 -2.03859 
422 490 0.475318 56 1.65158 57 0.968405 187 -2.0953 
423 490 0.247346 56 1.77528 57 1.09182 187 -2.11445 
424 490 0.0193739 56 1.85153 57 1.2244 187 -2.0953 
425 490 -0.199832 56 1.87738 57 1.36105 187 -2.0386 
426 490 -0.401863 56 1.85186 57 1.49652 187 -1.94652 
427 490 -0.578941 56 1.77594 57 1.62559 187 -1.82259 
428 490 -0.724265 56 1.65253 57 1.74332 187 -1.67159 
429 490 -0.832247 56 1.48638 57 1.84518 187 -1.49932 
430 490 -0.832247 56 1.53054 57 1.74399 187 -1.44228 
431 490 -0.724265 56 1.71664 57 1.59642 187 -1.58879 
432 490 -0.578941 56 1.85753 57 1.43862 187 -1.7172 
433 490 -0.401863 56 1.9478 57 1.27665 187 -1.82259 
434 490 -0.199832 56 1.98399 57 1.11674 187 -1.9009 
435 490 0.0193739 56 1.9647 57 0.965052 187 -1.94912 
436 490 0.247346 56 1.89067 57 0.827392 187 -1.96541 
437 490 0.475318 56 1.76475 57 0.709058 187 -1.94912 
438 698 -1.58764 490 0.99435 56 0.347722 489 1.24557 
439 698 -1.52223 490 1.1441 56 0.142581 489 1.23556 
440 490 1.26608 698 -1.43421 536 0.0351009 489 1.13303 
441 490 1.87861 537 0.760711 536 -0.116877 706 -1.52245 
442 490 1.6693 537 0.881946 536 -0.169186 706 -1.38206 
443 490 1.62217 537 0.790621 536 -0.0973255 706 -1.31546 
444 490 1.16271 698 -1.24269 536 0.180184 489 0.899797 
445 490 1.11245 698 -1.32696 536 0.0419567 489 1.17255 
446 698 -1.39612 490 0.971655 56 0.134099 489 1.29036 
447 698 -1.44751 490 0.802752 56 0.338298 489 1.30646 
448 176 -1.75167 56 1.40529 55 0.854665 489 0.491711 
449 176 -1.76432 56 1.51655 55 0.991896 489 0.255876 
450 176 -1.75167 56 1.65751 55 1.07411 489 0.0200501 
451 176 -1.71419 56 1.82279 55 1.09813 489 -0.206724 
452 490 -0.401863 56 2.0006 57 1.07285 187 -1.67159 
453 490 -0.578941 56 1.90243 57 1.2653 187 -1.58879 
454 490 -0.724265 56 1.75191 57 1.46025 187 -1.4879 
455 490 -0.832247 56 1.55484 57 1.65019 187 -1.37278 
456 490 -0.832247 56 1.55835 57 1.5674 187 -1.2935 
457 490 -0.724265 56 1.757 57 1.34004 187 -1.37278 
458 490 -0.578941 56 1.90891 57 1.11231 187 -1.44228 
459 176 -1.48294 56 1.83266 55 1.066 489 -0.415723 
460 176 -1.52486 56 1.63017 55 1.10141 489 -0.206724 
461 176 -1.55067 56 1.45304 55 1.07759 489 0.0200501 
462 176 -1.55939 56 1.30807 55 0.995449 489 0.255876 
463 176 -1.55067 56 1.20082 55 0.858147 489 0.491711 
464 698 -1.28763 490 0.640218 56 0.329479 489 1.31794 
465 698 -1.25223 490 0.825385 56 0.126162 489 1.30069 
466 490 0.981512 698 -1.2046 536 0.0483721 489 1.17471 
467 490 1.05984 698 -1.14655 536 0.185225 489 0.901492 
468 490 1.56812 537 0.709138 536 -0.0377698 706 -1.23949 
469 490 1.50922 537 0.640637 536 0.00718166 706 -1.15704 
470 490 0.978747 698 -1.04224 536 0.189725 489 0.873764 
471 490 0.878311 698 -1.07183 536 0.0541001 489 1.13941 
472 698 -1.09611 490 0.71089 56 0.119075 489 1.26614 
473 698 -1.11415 490 0.513004 56 0.321604 489 1.27955 
474 176 -1.33259 56 1.03335 55 0.807531 489 0.491711 
475 176 -1.33703 56 1.13731 55 0.943841 489 0.255876 
476 176 -1.33259 56 1.28557 55 1.02697 489 0.0200501 
477 176 -1.31942 56 1.47242 55 1.05373 489 -0.206724 
478 176 -1.29805 56 1.69068 55 1.02309 489 -0.415723 
479 490 -0.578941 56 1.87672 57 0.985533 187 -1.28331 
480 490 -0.724265 56 1.73172 57 1.24043 187 -1.24788 
481 490 -0.832247 56 1.54092 57 1.49878 187 -1.20746 
